Stationsindex;Datum;VGSL;VPGB;VPGH;TS05;TS10;TS20;TS50;TS100;ZFUMI;BF10;BF20;BF30;BF40;BF50;BF60;BFGSL;BFGLS;TSLS05;TSSL05;ZTKMI;ZTUMI;VPGPM;VPMB;VPWB;VPZB;VGLS;VWLS;VWSL;BFWLS;BFWSL;eor
         5906;20230101;    0.8;    0.9;    1.0;    9.9;    9.8;    9.5;    8.3;    8.4;    0;   96;  100;  103;  103;  103;  103;  101;  101;    9.7;    9.9;    0;    0;    0.9;    0.9;    1.0;    0.9;    0.8;    0.6;    0.7;  100;  101;eor                                                            
         5906;20230102;    1.0;    1.1;    0.8;    9.7;    9.6;    9.4;    8.7;    8.5;    0;   94;   99;  102;  103;  103;  103;  101;  100;    9.5;    9.7;    0;    0;    1.2;    1.1;    1.2;    1.1;    1.0;    0.7;    0.9;   99;  100;eor                                                            
         5906;20230103;    0.4;    0.4;    0.6;    7.4;    7.8;    8.4;    8.8;    8.7;    0;   93;   98;  102;  103;  103;  103;  100;   99;    7.1;    7.4;    0;    0;    0.2;    0.4;    0.4;    0.4;    0.3;    0.2;    0.3;   99;  100;eor                                                            
         5906;20230104;    0.5;    0.5;    0.3;    6.7;    6.9;    7.4;    8.5;    8.8;    0;   93;   98;  102;  103;  103;  103;  100;   98;    6.6;    6.7;    0;    0;    0.7;    0.4;    0.5;    0.4;    0.5;    0.4;    0.4;   98;  100;eor                                                            
         5906;20230105;    0.7;    0.8;    0.9;    9.0;    8.8;    8.4;    8.4;    8.9;    0;   91;   97;  101;  103;  103;  103;  100;   97;    8.9;    9.0;    0;    0;    1.0;    0.8;    0.9;    0.8;    0.7;    0.5;    0.6;   98;   99;eor                                                            
         5906;20230106;    0.7;    0.7;    0.8;    8.9;    8.9;    8.8;    8.6;    9.0;    0;   91;   96;  101;  102;  103;  103;   99;   97;    8.8;    8.9;    0;    0;    0.7;    0.6;    0.7;    0.6;    0.7;    0.7;    0.7;   98;  100;eor                                                            
         5906;20230107;    0.7;    0.8;    1.0;    8.2;    8.4;    8.5;    8.7;    9.0;    0;   90;   95;  100;  102;  103;  103;   99;   96;    8.0;    8.2;    0;    0;    0.7;    0.8;    0.8;    0.8;    0.6;    0.4;    0.5;   97;   99;eor                                                            
         5906;20230108;    0.7;    0.7;    0.4;    7.9;    8.0;    8.2;    8.6;    9.1;    0;   99;   96;  100;  102;  103;  103;  100;   98;    7.8;    7.9;    0;    0;    0.6;    0.5;    0.6;    0.5;    0.7;    0.6;    0.6;  100;  101;eor                                                            
         5906;20230109;    0.8;    0.8;    0.4;    7.1;    7.4;    7.9;    8.6;    9.1;    0;  103;   96;  100;  102;  102;  103;  101;   99;    6.8;    7.0;    0;    0;    0.7;    0.5;    0.6;    0.5;    0.8;    0.6;    0.6;  102;  102;eor                                                            
         5906;20230110;    0.7;    0.7;    0.7;    5.8;    6.2;    7.0;    8.4;    9.1;    0;  100;   97;   99;  102;  102;  103;  101;   98;    5.4;    5.7;    0;    0;    0.9;    0.7;    0.8;    0.7;    0.7;    0.8;    0.8;  101;  102;eor                                                            
         5906;20230111;    0.6;    0.6;    0.2;    7.0;    7.0;    7.1;    8.1;    9.1;    0;  103;   98;   99;  101;  102;  103;  101;   99;    6.8;    6.9;    0;    0;    0.7;    0.5;    0.6;    0.5;    0.6;    0.6;    0.6;  103;  103;eor                                                            
         5906;20230112;    0.8;    0.8;    0.4;    7.4;    7.3;    7.4;    8.0;    9.1;    0;  100;   98;   99;  101;  102;  103;  101;   98;    7.2;    7.4;    0;    0;    1.2;    0.8;    0.9;    0.8;    0.7;    0.9;    0.9;  102;  102;eor                                                            
         5906;20230113;    1.3;    1.3;    0.8;    8.0;    8.0;    8.0;    8.2;    9.0;    0;   99;   97;   99;  101;  102;  103;  100;   97;    7.7;    7.9;    0;    0;    1.2;    1.1;    1.2;    1.1;    1.3;    1.2;    1.2;  101;  102;eor                                                            
         5906;20230114;    0.6;    0.6;    0.6;    6.7;    6.9;    7.3;    8.2;    9.0;    0;   99;   97;   99;  101;  102;  103;  100;   97;    6.5;    6.7;    0;    0;    0.9;    0.6;    0.7;    0.6;    0.6;    0.7;    0.7;  101;  102;eor                                                            
         5906;20230115;    1.0;    1.0;    0.6;    6.7;    7.0;    7.5;    8.2;    9.0;    0;  107;  105;  102;  103;  102;  103;  104;  103;    6.3;    6.6;    0;    0;    0.8;    0.6;    0.9;    0.6;    1.0;    0.9;    0.9;  108;  106;eor                                                            
         5906;20230116;    1.0;    1.0;    0.6;    4.6;    5.1;    6.2;    7.9;    9.0;    0;  103;  104;  103;  103;  102;  103;  103;  103;    4.1;    4.5;    0;    0;    1.1;    0.7;    0.8;    0.7;    1.0;    0.8;    0.8;  107;  105;eor                                                            
         5906;20230117;    0.6;    0.6;    0.7;    3.9;    4.4;    5.4;    7.5;    8.9;    0;  102;  103;  103;  103;  102;  103;  103;  102;    3.4;    3.8;    0;    0;    0.5;    0.6;    0.6;    0.6;    0.5;    0.6;    0.6;  105;  104;eor                                                            
         5906;20230118;    0.6;    0.6;    0.6;    2.4;    3.1;    4.5;    7.0;    8.8;    0;  100;  102;  103;  103;  103;  103;  102;  101;    1.9;    2.3;    0;    0;    0.4;    0.5;    0.6;    0.5;    0.6;    0.5;    0.6;  104;  103;eor                                                            
         5906;20230119;    0.3;    0.3;    0.4;    0.8;    1.6;    3.2;    6.5;    8.7;    0;  100;  102;  103;  103;  103;  103;  102;  101;    0.4;    0.8;    0;    0;    0.3;    0.3;    0.3;    0.3;    0.3;    0.3;    0.3;  104;  103;eor                                                            
         5906;20230120;    0.3;    0.3;    0.4;    2.0;    2.3;    3.1;    5.9;    8.5;    0;  110;  113;  110;  107;  105;  104;  108;  111;    1.8;    1.9;    0;    0;    0.2;    0.3;    0.3;    0.3;    0.3;    0.3;    0.3;  114;  109;eor                                                            
         5906;20230121;    0.0;    0.0;    0.2;    1.0;    1.6;    2.9;    5.6;    8.3;    0;  109;  111;  111;  109;  107;  105;  109;  113;    0.8;    1.0;    0;    0;    0.3;    0.0;    0.0;    0.0;    0.0;    0.0;    0.0;  116;  110;eor                                                            
         5906;20230122;    0.4;    0.4;    0.2;    0.8;    1.3;    2.4;    5.2;    8.0;    0;  104;  107;  109;  109;  108;  107;  107;  110;    0.6;    0.8;    0;    0;    0.3;    0.3;    0.3;    0.3;    0.4;    0.3;    0.3;  113;  108;eor                                                            
         5906;20230123;    0.4;    0.4;    0.4;    0.7;    1.2;    2.2;    4.9;    7.8;    0;  103;  103;  106;  107;  108;  107;  106;  108;    0.6;    0.7;    0;    0;    0.5;    0.4;    0.4;    0.4;    0.4;    0.4;    0.4;  110;  107;eor                                                            
         5906;20230124;    0.4;    0.4;    0.3;    1.3;    1.5;    2.2;    4.6;    7.6;    0;  102;  103;  103;  105;  106;  107;  104;  105;    1.0;    1.3;    0;    0;    0.6;    0.4;    0.4;    0.4;    0.4;    0.4;    0.4;  107;  105;eor                                                            
         5906;20230125;    0.2;    0.2;    0.2;    1.4;    1.7;    2.4;    4.5;    7.3;    0;  101;  103;  103;  102;  104;  105;  103;  104;    1.2;    1.4;    0;    0;    0.4;    0.2;    0.2;    0.2;    0.2;    0.2;    0.2;  105;  104;eor                                                            
         5906;20230126;    0.0;    0.0;    0.2;    0.5;    1.0;    2.0;    4.4;    7.1;    0;  101;  103;  103;  103;  102;  104;  103;  103;    0.3;    0.5;    0;    0;    0.4;    0.0;    0.0;    0.0;    0.0;    0.0;    0.0;  104;  103;eor                                                            
         5906;20230127;    0.4;    0.4;    0.5;    1.0;    1.2;    1.9;    4.2;    7.0;    0;  100;  102;  103;  103;  102;  104;  102;  103;    0.8;    1.0;    0;    0;    0.5;    0.3;    0.4;    0.3;    0.3;    0.3;    0.4;  103;  102;eor                                                            
         5906;20230128;    0.5;    0.5;    0.5;    1.4;    1.7;    2.3;    4.1;    6.8;    0;   99;  101;  103;  103;  102;  103;  102;  102;    1.2;    1.4;    0;    0;    0.8;    0.5;    0.6;    0.5;    0.5;    0.4;    0.5;  102;  102;eor                                                            
         5906;20230129;    0.4;    0.4;    0.5;    1.2;    1.4;    2.1;    4.1;    6.7;    0;   98;  101;  102;  103;  103;  103;  102;  101;    1.0;    1.1;    0;    0;    0.4;    0.3;    0.4;    0.3;    0.3;    0.2;    0.3;  102;  102;eor                                                            
         5906;20230130;    0.5;    0.5;    0.4;    1.2;    1.4;    2.0;    4.0;    6.5;    0;   97;  100;  102;  102;  103;  103;  101;  100;    1.0;    1.2;    0;    0;    0.7;    0.5;    0.5;    0.5;    0.4;    0.3;    0.4;  101;  101;eor                                                            
         5906;20230131;    0.5;    0.5;    0.3;    2.4;    2.4;    2.5;    4.0;    6.4;    0;   96;  100;  102;  102;  103;  103;  101;  100;    2.2;    2.3;    0;    0;    0.7;    0.4;    0.5;    0.4;    0.4;    0.4;    0.4;  101;  101;eor                                                            
         5906;20230201;    0.9;    0.9;    0.7;    4.1;    3.9;    3.6;    4.2;    6.3;    0;   99;   99;  101;  102;  103;  103;  101;  100;    3.9;    4.0;    0;    0;    1.1;    0.8;    0.9;    0.8;    0.9;    0.9;    0.9;  101;  102;eor                                                            
         5906;20230202;    0.9;    1.0;    0.8;    5.7;    5.4;    4.8;    4.6;    6.3;    0;   96;   98;  101;  102;  102;  103;  100;   98;    5.5;    5.7;    0;    0;    1.3;    1.0;    1.1;    1.0;    0.9;    0.8;    0.9;  100;  101;eor                                                            
         5906;20230203;    0.7;    0.7;    0.6;    6.2;    6.0;    5.5;    5.1;    6.3;    0;   94;   98;  101;  102;  102;  103;  100;   98;    6.1;    6.2;    0;    0;    1.1;    0.7;    0.8;    0.7;    0.7;    0.5;    0.6;   99;  101;eor                                                            
         5906;20230204;    0.7;    0.8;    0.9;    6.9;    6.7;    6.2;    5.5;    6.4;    0;   93;   97;  101;  102;  102;  103;   99;   97;    6.7;    6.9;    0;    0;    0.6;    0.8;    0.8;    0.8;    0.7;    0.5;    0.6;   98;  100;eor                                                            
         5906;20230205;    0.2;    0.2;    0.0;    3.7;    4.2;    5.1;    5.8;    6.5;    0;  106;  103;  104;  102;  102;  103;  103;  103;    3.4;    3.7;    0;    0;    0.4;    0.1;    0.2;    0.1;    0.2;    0.2;    0.2;  105;  104;eor                                                            
         5906;20230206;    0.6;    0.6;    0.7;    3.0;    3.4;    4.2;    5.6;    6.6;    0;  103;  103;  103;  102;  102;  103;  103;  102;    2.6;    3.0;    0;    0;    0.6;    0.6;    0.6;    0.6;    0.6;    0.6;    0.6;  104;  103;eor                                                            
         5906;20230207;    0.8;    0.8;    1.1;    2.6;    2.9;    3.6;    5.3;    6.7;    0;  101;  102;  103;  102;  102;  103;  102;  101;    2.2;    2.5;    0;    0;    0.6;    0.8;    0.8;    0.8;    0.7;    0.8;    0.8;  103;  102;eor                                                            
         5906;20230208;    0.8;    0.8;    1.3;    1.7;    2.2;    3.1;    5.0;    6.7;    0;   99;  101;  103;  102;  102;  103;  102;  100;    1.3;    1.7;    0;    0;    0.5;    0.8;    0.8;    0.8;    0.7;    0.6;    0.8;  102;  102;eor                                                            
         5906;20230209;    0.6;    0.6;    0.8;    1.1;    1.6;    2.6;    4.7;    6.6;    0;   97;  100;  102;  102;  102;  103;  101;   99;    0.6;    1.1;    0;    0;    0.4;    0.5;    0.5;    0.5;    0.5;    0.4;    0.5;  101;  101;eor                                                            
         5906;20230210;    0.6;    0.6;    0.8;    1.5;    1.8;    2.4;    4.4;    6.5;    0;   96;  100;  102;  102;  102;  103;  101;   98;    1.0;    1.5;    0;    0;    0.5;    0.6;    0.6;    0.6;    0.5;    0.4;    0.5;  101;  101;eor                                                            
         5906;20230211;    0.6;    0.7;    0.6;    3.3;    3.1;    3.0;    4.3;    6.4;    0;   94;   99;  102;  102;  102;  103;  100;   97;    3.3;    3.3;    0;    0;    0.6;    0.6;    0.7;    0.6;    0.6;    0.4;    0.5;  100;  101;eor                                                            
         5906;20230212;    0.4;    0.4;    0.9;    5.0;    4.9;    4.5;    4.5;    6.3;    0;   93;   98;  101;  102;  102;  103;  100;   97;    5.0;    5.0;    0;    0;    0.5;    0.4;    0.4;    0.4;    0.3;    0.2;    0.3;   99;  100;eor                                                            
         5906;20230213;    0.7;    0.8;    1.1;    4.6;    4.6;    4.6;    4.9;    6.3;    0;   92;   97;  101;  102;  102;  102;   99;   96;    4.5;    4.6;    0;    0;    0.4;    0.7;    0.7;    0.7;    0.6;    0.4;    0.5;   99;  100;eor                                                            
         5906;20230214;    0.2;    0.2;    0.2;    2.0;    2.6;    3.7;    5.0;    6.3;    0;   92;   97;  101;  102;  102;  102;   99;   95;    1.9;    2.0;    0;    0;    0.3;    0.2;    0.2;    0.2;    0.2;    0.1;    0.1;   98;  100;eor                                                            
         5906;20230215;    0.2;    0.2;    0.2;    2.2;    2.6;    3.2;    4.8;    6.3;    0;   92;   97;  100;  101;  102;  102;   99;   95;    2.2;    2.2;    0;    0;    0.3;    0.2;    0.2;    0.2;    0.2;    0.1;    0.1;   98;  100;eor                                                            
         5906;20230216;    0.8;    0.9;    1.0;    4.1;    3.7;    3.5;    4.6;    6.3;    0;   90;   96;  100;  101;  102;  102;   99;   94;    4.2;    4.1;    0;    0;    0.7;    0.8;    0.8;    0.8;    0.7;    0.5;    0.6;   97;   99;eor                                                            
         5906;20230217;    0.8;    0.8;    0.6;    7.8;    7.1;    5.9;    5.0;    6.2;    0;   89;   95;  100;  101;  102;  102;   98;   93;    7.8;    7.8;    0;    0;    1.1;    0.8;    0.8;    0.8;    0.8;    0.6;    0.7;   97;   99;eor                                                            
         5906;20230218;    1.1;    1.3;    1.2;    9.0;    8.5;    7.5;    5.8;    6.3;    0;   86;   94;   99;  101;  102;  102;   97;   92;    9.0;    9.0;    0;    0;    1.6;    1.2;    1.3;    1.2;    1.0;    0.7;    0.8;   96;   98;eor                                                            
         5906;20230219;    1.4;    1.4;    1.1;    8.9;    8.5;    7.8;    6.4;    6.4;    0;   86;   92;   99;  101;  102;  102;   97;   91;    9.0;    8.8;    0;    0;    1.2;    1.1;    1.3;    1.1;    1.4;    1.2;    1.3;   95;   98;eor                                                            
         5906;20230220;    1.3;    1.5;    1.8;    7.8;    7.8;    7.6;    6.8;    6.6;    0;   83;   91;   98;  101;  102;  102;   96;   89;    8.3;    7.7;    0;    0;    1.2;    1.4;    1.5;    1.4;    1.2;    0.7;    0.8;   94;   98;eor                                                            
         5906;20230221;    1.1;    1.3;    1.7;    7.6;    7.5;    7.3;    7.0;    6.8;    0;   80;   89;   98;  100;  102;  102;   95;   88;    8.0;    7.6;    0;    0;    0.9;    1.3;    1.3;    1.3;    1.0;    0.6;    0.7;   94;   97;eor                                                            
         5906;20230222;    1.2;    1.4;    1.4;    8.3;    8.0;    7.6;    7.1;    6.9;    0;   78;   88;   97;  100;  102;  102;   95;   86;    8.7;    8.8;    0;    0;    0.9;    1.3;    1.4;    1.3;    1.1;    0.6;    0.7;   93;   97;eor                                                            
         5906;20230223;    0.9;    0.9;    0.9;   10.2;    9.7;    8.8;    7.4;    7.1;    0;   77;   87;   97;  100;  102;  102;   94;   85;   10.6;   10.4;    0;    0;    0.8;    0.8;    0.9;    0.8;    0.9;    0.8;    0.8;   92;   96;eor                                                            
         5906;20230224;    1.1;    1.1;    1.0;    8.9;    8.9;    8.8;    7.8;    7.3;    0;   77;   85;   96;  100;  101;  102;   94;   85;    9.4;    9.1;    0;    0;    1.0;    1.1;    1.2;    1.1;    1.1;    1.2;    1.2;   92;   96;eor                                                            
         5906;20230225;    0.9;    1.0;    0.5;    4.9;    5.8;    7.1;    7.8;    7.4;    0;   76;   85;   96;   99;  101;  102;   93;   84;    4.8;    5.1;    0;    0;    1.2;    0.9;    1.0;    0.9;    0.9;    0.6;    0.6;   92;   96;eor                                                            
